0.031286909287868016 1.943648221843494e-05 0.0640237889778528
111.55087930353692 448.89939579053424 239.57522819913393
15.917499595186454 125.73564574426356 39.79181253946225
164.07825493042492 1405.72618887385 275.2859401580876
5.598818373911171 63.491898430069035 15.841533628448003
115.46959665662298 1002.0410415658253 218.6595695313677
32.12748500870911 285.5724090301465 72.45535818897753
129.6339604452019 1122.511646443596 186.82868263222636
81.90659318231506 365.19354472744516 126.02823883557453
62.721350629171916 596.5588368287364 145.56380355016572

